Andreea
0
5
0
0
5
0
5
5
5
0
0
0
0
0
0
0
0
0
0
Antima
0
0
0
0
0
0
0
0
2
0
0
0
0
2
0
0
0
0
0
Carmine
0
0
0
0
0
0
0
0
0
0
0
0
0
0
0
0
0
0
0
Damiano
14
14
0
0
14
14
14
14
14
0
14
14
14
14
0
14
14
14
0
Domenico
16
16
16
16
0
16
16
16
16
0
16
16
16
16
0
16
16
16
16
Edoardo
10
10
0
10
10
0
0
0
10
0
0
10
10
10
0
10
10
0
0
Federico
5
0
0
5
5
0
0
5
5
0
0
0
0
0
0
0
0
0
0
Francesco
6
0
0
0
6
0
6
0
6
0
0
0
0
0
0
6
0
6
0
Gabriele
12
12
0
12
12
12
12
12
0
0
12
12
12
12
0
12
0
0
0
Gianluca
0
0
0
0
0
0
0
0
0
0
0
0
0
0
0
0
0
0
0
Giorgio
0
0
0
5
5
0
0
0
0
0
0
5
0
0
0
0
5
0
5
Giovanni
0
0
0
5
0
5
0
0
5
0
5
0
0
0
0
0
5
0
0
Ilenia
14
14
0
14
14
14
14
14
14
0
0
14
0
14
0
14
14
14
14
Irene
0
2
0
0
0
0
0
0
2
0
0
0
0
0
0
0
0
0
0
Jemuel
0
0
0
0
0
0
0
0
0
0
0
0
0
0
0
0
0
0
0
LorenzoN
0
0
0
0
6
0
0
6
6
0
0
0
6
0
0
0
0
6
6
LorenzoS
0
0
0
8
8
8
0
0
8
0
8
8
0
0
0
0
0
8
8
Nicolas
10
10
0
10
10
0
10
10
10
0
0
10
0
0
0
10
0
0
10
Simone
0
0
0
0
5
0
5
0
0
0
5
0
0
0
0
5
0
5
0